Sigma=0.9
1 0.9950124791926823
2 0.9944598480048967
3 0.9938461733264412
4 0.99316475671048
5 0.9924081750782239
6 0.9915682047733456
7 0.9906357382357656
8 0.9896006927176897
9 0.9884519104557477
10 0.987177049715257
...
38 0.7814514006610822
39 0.7603301167255269
40 0.7375308902553327
41 0.7129993394119183
42 0.686697865099323
43 0.6586103516984267
44 0.6287473525350562
45 0.5971516445029695
46 0.5639039638550027
47 0.5291286470309033

Sigma=0.999
1 0.9950124791926823
2 0.9950074991627065
3 0.995002514172678
4 0.994997524217682
5 0.9949925292927982
6 0.9949875293931021
7 0.9949825245136639
8 0.9949775146495492
9 0.9949724997958186
10 0.9949674799475282
...
4921 0.5032332998955534
4922 0.5028875018297733
4923 0.5025415955926651
4924 0.5021955813885949
4925 0.5018494594223794
4926 0.5015032298992865
4927 0.5011568930250357
4928 0.5008104490057975
4929 0.5004638980481947
4930 0.5001172403593014

Sigma=0.99999
1 0.9950124791926823
2 0.9950124294415621
3 0.9950123796899468
4 0.9950123299378365
5 0.9950122801852312
6 0.9950122304321308
7 0.9950121806785355
8 0.995012130924445
9 0.9950120811698594
10 0.9950120314147788
...
493169 0.5000345831564369
493170 0.5000311175040187
493171 0.500027651840964
493172 0.5000241861672727
493173 0.5000207204829452
493174 0.5000172547879816
493175 0.5000137890823823
493176 0.5000103233661471
493177 0.5000068576392767
493178 0.5000033919017709
